[app/install/install_source_checksum]
version = 7.3.0
modtime = 1588036013.918275000

[app/ui]
version = 7.3.0
modtime = 1588036051.823179000

[app/launcher]
version = 7.3.0
modtime = 1588036051.824746000

[app/package/check_for_updates]
version = 7.3.0
modtime = 1588036051.825180000
